{
  "type": "extrinsic_calibration",
  "date": "2021_09_27",
  "method": "manual",
  "calibrations": [
    {
      "to_frame": "lidar_h_link",
      "from_frame": "lidar_v_link",
      "transform": [
        -0.03479457765350058,
        -0.01595520523050735,
        -0.9992669769039071,
        -0.3183327254122313,
        -0.029999805988088726,
        0.999438644273764,
        -0.014913343765625562,
        0.1742834674556978,
        0.998943978081503,
        0.029458913891165065,
        -0.03525369856579208,
        -0.16231884967947113,
        0.0,
        0.0,
        0.0,
        1.0
      ]
    },
    {
      "to_frame": "lidar_h_link",
      "from_frame": "F1_link",
      "transform": [
        0.002347319365596401,
        -0.00612366203806173,
        0.9999786529677972,
        0.151094,
        -0.999856916629575,
        -0.01677588285633999,
        0.0022444661822886226,
        -0.00254265,
        0.016761619732176197,
        -0.9998406888775436,
        -0.0061623235490002055,
        -0.0315215,
        0.0,
        0.0,
        0.0,
        1.0
      ]
    },
    {
      "to_frame": "F2_link",
      "from_frame": "F1_link",
      "transform": [
        -0.9986295347545739,
        0.0,
        -0.05233595624294383,
        0.16394923703303355,
        -0.00045671157999539286,
        0.9999619230641713,
        0.008714576084760407,
        0.0007128915996267356,
        0.05233396345009644,
        0.008726535498373907,
        -0.9985915100018624,
        -0.08168928608975215,
        0,
        0,
        0,
        1
      ]
    },
    {
      "to_frame": "F3_link",
      "from_frame": "F1_link",
      "transform": [
        0.9999489453948741,
        0.0013545103193783514,
        0.010013586044444687,
        0.07481522094947002,
        -0.0013183596257652943,
        0.9999925936263895,
        -0.003615884436701587,
        -0.0006773619589652362,
        -0.010018409632868474,
        0.0036024983215993756,
        0.999943325131113,
        0.021833754713878915,
        0.0,
        0.0,
        0.0,
        1.0
      ]
    },
    {
      "to_frame": "imu_link",
      "from_frame": "F1_link",
      "transform": [
        -0.05968858007224864,
        -0.048168707659233645,
        -0.9970541855944441,
        -0.05533282256187527,
        -0.9982170115892695,
        0.0031472231591385125,
        0.059606146999927,
        -0.5717153397757792,
        0.00026680095428699424,
        0.9988342558146612,
        -0.04827067669325791,
        0.05255917117606345,
        0.0,
        0.0,
        0.0,
        1.0
      ]
    },
    {
      "to_frame": "lidar_v_link",
      "from_frame": "F4_link",
      "transform": [
        0.00000,
        0.00000,
        1.00000,
        0.00000,
        1.00000,
        0.00000,
        0.00000,
        0.02000,
        0.00000,
        1.00000,
        0.00000,
        -0.09000,
        0.00000,
        0.00000,
        0.00000,
        1.00000
      ]
    },
    {
      "to_frame": "F4_link",
      "from_frame": "thermal_link",
      "transform": [
        1.00000,
        0.00000,
        0.00000,
        0.05300,
        0.00000,
        1.00000,
        0.00000,
        0.02100,
        0.00000,
        0.00000,
        1.00000,
        -0.00800,
        0.00000,
        0.00000,
        0.00000,
        1.00000
      ]
    }
  ]
}