T_BASELINK_HVLP:    1.00000   0.00000   0.00000   0.20010   0.00000   1.00000   0.00000   0.03250   0.00000   0.00000   1.00000   0.32480   0.00000   0.00000   0.00000   1.00000
T_HVLP_GPS:    1.00000   0.00000   0.00000  -0.16450   0.00000   1.00000   0.00000   0.16100   0.00000   0.00000   1.00000   0.22860   0.00000   0.00000   0.00000   1.00000
T_VVLP_HVLP:    0.00000   0.00000   1.00000  -0.12440  -0.00000   1.00000   0.00000  -0.00000  -1.00000   0.00000   0.00000  -0.24560   0.00000   0.00000   0.00000   1.00000
T_XIMEA_VVLP:    0.00000  -1.00000  -0.00000  -0.04920   0.00000   0.00000  -1.00000  -0.13300   1.00000   0.00000   0.00000  -0.05260   0.00000   0.00000   0.00000   1.00000
T_FLIR_XIMEA:    0.99997  -0.00539  -0.00532   0.07361   0.00523   0.99948  -0.03180  -0.00862   0.00549   0.03177   0.99948  -0.00559   0.00000   0.00000   0.00000   1.00000
T_IMU_XIMEA:   -1.00000   0.00000   0.00000  -0.03320  -0.00000  -0.00000   1.00000   0.15460   0.00000   1.00000   0.00000   0.05290   0.00000   0.00000   0.00000   1.00000
