T_BASELINK_HVLP:    1.00000   0.00000   0.00000  0.20010   0.00000   1.00000   0.00000  0.03250   0.00000   0.00000   1.00000  0.32480   0.00000   0.00000   0.00000   1.00000
T_HVLP_GPS:    1.00000   0.00000   0.00000  -0.16450   0.00000   1.00000   0.00000   0.16100   0.00000   0.00000   1.00000   0.22860   0.00000   0.00000   0.00000   1.00000
T_VVLP_HVLP:    0.99196   0.09136  -0.08752   0.16986  -0.08771  -0.00193  -0.99614   0.88946  -0.09118   0.99582   0.00610  -0.00611   0.00000   0.00000   0.00000   1.00000
T_XIMEA_VVLP:    0.08752   0.99614  -0.00610  -0.72393   0.09136  -0.00193   0.99582   0.04148   0.99196  -0.08771  -0.09118   0.02156   0.00000   0.00000   0.00000   1.00000
T_FLIR_XIMEA:    0.99997   0.00522   0.00549  -0.07353  -0.00540   0.99948   0.03177   0.00919  -0.00532  -0.03180   0.99948   0.00570   0.00000   0.00000   0.00000   1.00000
T_IMU_XIMEA:    1.00000   0.00000   0.00000  -0.15460   0.00000   1.00000   0.00000  -0.03320   0.00000   0.00000   1.00000   0.05290   0.00000   0.00000   0.00000   1.00000
