{
    "calibrations": [
        {
            "from_frame": "F1_link",
            "to_frame": "imu_link",
            "transform": [
                0.010091171314996816,
                0.005955332991168016,
                -0.9999313487787331,
                -0.186306965384713,
                -0.9999481904971425,
                0.0013960264693824165,
                -0.01008302690604962,
                -0.0021868789731013458,
                0.001335882847676384,
                0.9999812923845435,
                0.005969111990588805,
                0.01429537268048043,
                0.0,
                0.0,
                0.0,
                1.0
            ]
        },
        {
            "from_frame": "F2_link",
            "to_frame": "imu_link",
            "transform": [
                -0.010090796350785913,
                0.005955330780440138,
                0.9999309775860328,
                -0.11161661870881198,
                0.9999478192981901,
                0.001396397169336594,
                0.010083023163046212,
                -0.1694420511124855,
                -0.0013358823517720109,
                0.9999809211733031,
                -0.005968738556561881,
                0.014084050595319426,
                0.0,
                0.0,
                0.0,
                1.0
            ]
        },
        {
            "from_frame": "F3_link",
            "to_frame": "imu_link",
            "transform": [
                8.619526101416586e-05,
                0.009557617744764824,
                -0.9999539500102226,
                -0.16447409393253032,
                -0.9999958436456055,
                0.002751136709212565,
                -5.9535662662035804e-05,
                0.07263119498056252,
                0.00275007082007539,
                0.9999501701565066,
                0.009558188867954343,
                0.014558265377707325,
                0.0,
                0.0,
                0.0,
                1.0
            ]
        },
        {
            "from_frame": "F4_link",
            "to_frame": "imu_link",
            "transform": [
                -0.007526476681473548,
                0.9991804117560299,
                0.03976508728493432,
                0.03529845014830038,
                0.9989889792192002,
                0.009275995898491152,
                -0.04398170610801474,
                0.36701285086217933,
                -0.04431452134806739,
                0.03939385531579647,
                -0.9982400351597209,
                0.22735255725581588,
                0.0,
                0.0,
                0.0,
                1.0
            ]
        },
        {
            "from_frame": "lidar_h_link",
            "to_frame": "imu_link",
            "transform": [
                -0.9995821406064789,
                -0.02345451754337233,
                0.016870473585441054,
                -0.18384820980942868,
                -0.023691814840037895,
                0.9996211897581726,
                -0.014006239369721982,
                0.16506908542634033,
                -0.016535573221838573,
                -0.014400084670036822,
                -0.9997591686996514,
                0.05998759404853564,
                0.0,
                0.0,
                0.0,
                1.0
            ]
        },
        {
            "from_frame": "lidar_v_link",
            "to_frame": "imu_link",
            "transform": [
                0.03976538243600436,
                -0.0075267718325434385,
                0.9991804117560297,
                0.12537522264299403,
                -0.04398170610801474,
                0.9989892743702702,
                0.009275700747421102,
                0.3478678843450633,
                -0.9982403303107907,
                -0.04431452134806738,
                0.03939415046686656,
                0.23178429466119893,
                0.0,
                0.0,
                0.0,
                1.0
            ]
        },
        {
            "from_frame": "thermal_link",
            "to_frame": "imu_link",
            "transform": [
                -0.007526476681473548,
                0.9991804117560299,
                0.03976508728493432,
                0.055564199189772845,
                0.9989889792192002,
                0.009275995898491152,
                -0.04398170610801474,
                0.42050591012535693,
                -0.04431452134806739,
                0.03939385531579647,
                -0.9982400351597209,
                0.23381708122848638,
                0.0,
                0.0,
                0.0,
                1.0
            ]
        },
        {
            "from_frame": "vicon/SDICIG2/SDICIG2",
            "to_frame": "imu_link",
            "transform": [
                -0.9970947939922008,
                -0.009472516190555657,
                0.07557447897734705,
                -0.19120803339264028,
                -0.0112514161739034,
                0.999668746442397,
                -0.02314741664637391,
                0.1709076214238366,
                -0.07533018033802545,
                -0.023930497285657562,
                -0.9968710819132907,
                0.04330023070647068,
                0.0,
                0.0,
                0.0,
                1.0
            ]
        }
    ],
    "date": "2021_09_27",
    "method": "manual",
    "type": "extrinsic_calibration"
}
