cam0:
  cam_overlaps: []
  camera_model: pinhole
  distortion_coeffs: [-0.2294924671994032, 0.18008566892263364, -0.0005326294604360527,
    -0.0004378797791316729]
  distortion_model: radtan
  intrinsics: [2338.485520924695, 2333.0927287230647, 1002.8381839138167, 784.1498440053573]
  resolution: [2048, 1536]
  rostopic: /F1/image_raw
