{
  "type": "extrinsic_calibration",
  "date": "2022_07_05",
  "method": "calibrations referenced from json file and documentation",
  "calibrations": [
        {
        "to_frame": "camera0",
        "from_frame": "origin",
        "transform": [1.00000,  0.00000,  0.00000,  0.00000,
                      0.00000,  1.00000,  0.00000,  0.00000,
                      0.00000,  0.00000,  1.00000, -0.06199,
                      0.00000,  0.00000,  0.00000,  1.00000]
        },
        {
        "to_frame": "camera1",
        "from_frame": "origin",
        "transform": [-0.7070937, -0.0314757,  0.7064190,  0.016920468266200923,
                      -0.0307536,  0.9994324,  0.0137483,  0.00033592421842187047,
                      -0.7064508, -0.0120036, -0.7076604, -0.09581505148375775,
                       0.0000000,  0.0000000,  0.0000000,  1.00000]
        },
        {
        "to_frame": "camera2",
        "from_frame": "origin",
        "transform": [ 0.7060261, -0.0082941,  0.7081373,  0.016151795615230877,
                      -0.0022333,  0.9999003,  0.0139380,  0.0002478456335484922,
                      -0.7081823, -0.0114221,  0.7059372, -0.0676416359425203,
                       0.0000000,  0.0000000,  0.0000000,  1.0000000]
        },
        {
        "to_frame": "camera3",
        "from_frame": "origin",
        "transform": [ 0.7091209, -0.0056665, -0.7050642, -0.012186291083821318,
                      -0.0063499,  0.9998758, -0.0144222, -0.00032100177400914525,
                       0.7050583,  0.0147041,  0.7089968, -0.0693897087391972,
                       0.0000000,  0.0000000,  0.0000000,  1.0000000]
        },
        {
        "to_frame": "camera4",
        "from_frame": "origin",
        "transform": [-0.7053998, -0.0349206, -0.7079490, -0.01118365075141382,
                      -0.0331991,  0.9993172, -0.0162131, -0.0002719578634558526,
                       0.7080318,  0.0120666, -0.7060775, -0.09654705840178532,
                       0.0000000,  0.0000000,  0.0000000,  1.0000000]
        },
        {
        "to_frame": "laser0",
        "from_frame": "origin",
        "transform": [ 0.0248751,  0.0017339,  0.9996890,  0.019727684754423044,
                      -0.9994687, -0.0210250,  0.0249061,  0.0019160513235501955,
                       0.0210617, -0.9997774,  0.0012100, -0.0655520493947768,
                       0.0000000,  0.0000000,  0.0000000,  1.0000000]
        },
        {
          "to_frame": "imu",
          "from_frame": "origin",
          "transform": [ 0.0000000,  0.0000000,  1.0000000,  0.000,
                        -1.0000000,  0.0000000,  0.0000000,  0.000,
                         0.0000000, -1.0000000,  0.0000000,  0.0852,
                         0.0000000,  0.0000000,  0.0000000,  1.0000000]
        },
        {
        "to_frame": "laser0",
        "from_frame": "world",
        "transform": [ 1.0000000,  0.0000000,  0.0000000,  0.0000000, 
                       0.0000000,  1.0000000,  0.0000000,  0.0000000,
                       0.0000000,  0.0000000,  1.0000000,  0.0000000,
                       0.0000000,  0.0000000,  0.0000000,  1.0000000]
        }
  ]
}

